11 6 3
0 3.955253
1 0.161607
2 -1.068899
3 -1.838555
4 3.408242
5 -2.157182
6 0.280210
7 -2.733073
8 -1.351415
11 1.093728
21 -2.692014
0 6 -0.684065 1
0 7 0.660720 1
0 8 2.413863 1
1 6 2.451149 1
1 7 -16.605370 1
1 8 -3.478876 1
2 6 -3.018654 1
2 7 3.613667 1
2 8 -3.318571 1
2 10 3.857542 1
2 9 -6.242455 1
3 6 9.146436 1
3 7 -3.267503 1
3 8 -20.000000 1
3 9 0.124241 1
3 10 -3.046206 1
4 6 3.323861 1
4 7 5.257919 1
4 8 4.130169 1
4 9 5.430782 1
5 6 -0.328333 1
5 7 4.879700 1
5 8 7.470161 1
9 8 5.756732 1
10 6 -6.154556 1
-1 -1 -1 -1
600
2472.000000
 0 1 2 3 4 5 10 9 7 6 8
